page size is : 4096 
pointer allocated with address 400de000 
0 
 65535 
 65535 
 65535 
 65535 
 65535 
 65535 
 65535 
 65535 
 65535 
 65535 
 65535 
 65535 
 65535 
 65535 
 65535 
 65535 
 65535 
 65535 
 65535 
 65535 
 65535 
 65535 
 65535 
 65535 
 65535 
 65535 
 65535 
 65535 
 65535 
 65535 
 65535 
 65535 
 65535 
 65535 
 65535 
 65535 
 65535 
 65535 
 65535 
 65535 
 65535 
 65535 
 65535 
 65535 
 65535 
 65535 
 65535 
 65535 
 65535 
 65535 
 65535 
 65535 
 65535 
 65535 
 65535 
 65535 
 65535 
 65535 
 65535 
 65535 
 65535 
 65535 
 65535 
 65535 
 65535 
 65535 
 65535 
 65535 
 65535 
 65535 
 65535 
 65535 
 65535 
 65535 
 65535 
 65535 
 65535 
 65535 
 65535 
 65535 
 65535 
 65535 
 65535 
 65535 
 65535 
 65535 
 65535 
 65535 
 65535 
 65535 
 65535 
 65535 
 65535 
 65535 
 65535 
 65535 
 65535 
 65535 
 65535 
 65535 
 65535 
 65535 
 65535 
 65535 
 65535 
 65535 
 65535 
 65535 
 65535 
 65535 
 65535 
 65535 
 65535 
 65535 
 65535 
 65535 
 65535 
 65535 
 65535 
 65535 
 65535 
 65535 
 65535 
 65535 
 65535 
 65535 
 0 
 0 
 65535 
 65535 
 65535 
 65535 
 65535 
 65535 
 65535 
 65535 
 65535 
 65535 
 65535 
 65535 
 65535 
 65535 
 65535 
 65535 
 65535 
 65535 
 65535 
 65535 
 65535 
 65535 
 65535 
 65535 
 65535 
 65535 
 65535 
 65535 
 65535 
 65535 
 65535 
 65535 
 65535 
 65535 
 65535 
 65535 
 65535 
 65535 
 65535 
 65535 
 65535 
 65535 
 65535 
 65535 
 65535 
 65535 
 65535 
 65535 
 65535 
 65535 
 65535 
 65535 
 65535 
 65535 
 65535 
 65535 
 65535 
 65535 
 65535 
 65535 
 65535 
 65535 
 65535 
 65535 
 65535 
 65535 
 65535 
 65535 
 65535 
 65535 
 65535 
 65535 
 65535 
 65535 
 65535 
 65535 
 65535 
 65535 
 65535 
 65535 
 65535 
 65535 
 65535 
 65535 
 65535 
 65535 
 65535 
 65535 
 65535 
 65535 
 65535 
 65535 
 65535 
 65535 
 65535 
 65535 
 65535 
 65535 
 65535 
 65535 
 65535 
 65535 
 65535 
 65535 
 65535 
 65535 
 65535 
 65535 
 65535 
 65535 
 65535 
 65535 
 65535 
 65535 
 65535 
 65535 
 65535 
 65535 
 65535 
 65535 
 65535 
 65535 
 65535 
 65535 
 65535 
 65535 
 
